1 12 1
1 13 1
1 15 1
2 6 1
2 7 1
2 19 1
3 13 1
3 18 1
3 19 1
4 11 1
4 14 1
4 29 1
5 7 1
5 14 1
6 2 1
6 23 1
6 28 1
7 2 1
7 9 1
7 19 1
7 21 1
8 11 1
8 22 1
9 7 1
9 11 1
9 14 1
10 8 1
10 11 1
10 20 1
10 22 1
11 4 1
11 7 1
11 29 1
12 1 1
12 5 1
12 13 1
13 1 1
13 12 1
13 25 1
14 4 1
14 19 1
14 31 1
15 2 1
15 22 1
15 23 1
16 11 1
16 14 1
16 29 1
17 11 1
17 20 1
17 29 1
18 7 1
18 9 1
18 17 1
19 7 1
19 20 1
19 29 1
20 2 1
20 11 1
20 21 1
21 5 1
21 7 1
21 11 1
22 1 1
22 18 1
22 21 1
23 2 1
23 15 1
23 19 1
24 8 1
24 11 1
24 27 1
24 32 1
25 11 1
25 20 1
26 2 1
26 5 1
26 7 1
27 9 1
27 14 1
27 16 1
28 2 1
28 6 1
28 21 1
29 4 1
29 11 1
29 17 1
30 4 1
30 11 1
30 29 1
31 4 1
31 14 1
31 19 1
32 17 1
32 22 1
32 29 1
