2 13 1
3 21 1
4 1 1
4 5 1
4 8 1
4 9 1
5 1 1
5 4 1
5 8 1
5 9 1
6 9 1
6 62 1
7 5 1
7 8 1
7 28 1
7 40 1
8 12 1
8 29 1
8 32 1
8 42 1
8 62 1
9 5 1
9 6 1
9 49 1
10 11 1
11 10 1
12 8 1
12 13 1
12 32 1
12 66 1
13 12 1
13 62 1
14 44 1
15 17 1
15 31 1
15 46 1
16 8 1
16 15 1
16 17 1
16 18 1
16 31 1
16 46 1
16 63 1
17 15 1
17 31 1
17 46 1
18 20 1
18 36 1
18 41 1
19 53 1
20 10 1
20 18 1
20 36 1
21 3 1
21 41 1
21 45 1
21 50 1
21 52 1
21 61 1
22 56 1
22 64 1
23 24 1
23 63 1
24 23 1
24 37 1
24 63 1
25 2 1
25 65 1
26 14 1
26 27 1
28 34 1
28 39 1
28 47 1
28 54 1
29 8 1
29 50 1
30 12 1
30 37 1
30 48 1
30 52 1
30 58 1
32 33 1
33 14 1
33 30 1
33 32 1
33 67 1
34 8 1
34 42 1
34 58 1
35 61 1
37 2 1
37 23 1
37 24 1
37 30 1
37 45 1
37 48 1
38 44 1
39 54 1
40 7 1
40 57 1
41 18 1
41 20 1
41 36 1
41 43 1
41 45 1
42 34 1
42 58 1
43 27 1
43 37 1
44 38 1
45 18 1
45 20 1
45 41 1
46 15 1
46 16 1
46 31 1
46 53 1
47 28 1
47 39 1
47 51 1
47 53 1
47 54 1
47 63 1
48 12 1
48 16 1
48 30 1
48 37 1
48 44 1
48 62 1
49 22 1
49 55 1
49 56 1
49 64 1
50 59 1
51 39 1
51 45 1
51 54 1
51 66 1
52 2 1
52 21 1
52 23 1
52 24 1
52 37 1
52 41 1
52 55 1
52 63 1
54 28 1
54 39 1
54 47 1
55 27 1
55 43 1
55 49 1
55 52 1
55 54 1
55 56 1
55 67 1
56 3 1
56 22 1
56 41 1
56 49 1
56 55 1
56 61 1
56 64 1
57 30 1
57 40 1
57 60 1
57 61 1
58 8 1
58 65 1
59 60 1
60 59 1
61 3 1
62 66 1
64 22 1
64 49 1
64 55 1
64 56 1
66 62 1
67 30 1
67 33 1
67 37 1
67 50 1
